0 0
-0.3787887999999986 0.5535618999999942 
-0.910257099999999 1.1913238599999942 
-1.3354317399999993 1.7582233799999945 
-1.6897439399999996 2.4668477799999944 
-2.00862492 3.1754721799999945 
-2.3629371200000002 4.025821459999995 
-2.7526805400000005 4.805308299999995 
-3.036130300000001 5.549363919999995 
-3.177855180000001 6.399713199999995 
-3.532167380000001 7.072906379999996 
-4 8 
-4.240791780000001 8.773604939999995 
-4.453379100000002 9.623954219999996 
-4.7013976400000015 10.368009839999996 
-4.807691300000002 11.218359119999995 
-4.843122520000002 11.891552299999995 
-4.772260080000002 12.741901579999997 
-4.7013976400000015 13.521388419999997 
-4.347085440000002 14.584325019999996 
-4.276223000000002 15.257518199999996 
-4 16 
-3.461304940000001 16.958216759999996 
-3.0379936999999946 17.722077660000007 
-2.612073699999994 18.094757660000006 
-1.9465736999999939 18.600537660000008 
-1.4141736999999936 18.893357660000007 
-0.8817736999999932 19.079697660000008 
-0.13641369999999284 19.39913766000001 
0.5024663000000076 19.45237766000001 
1.088106300000008 19.50561766000001 
1.6205063000000082 19.34589766000001 
2.1262863000000083 19.10631766000001 
2.4989663000000086 18.84011766000001 
3.0047463000000088 18.44081766000001 
3.3508063000000092 18.09475766000001 
3.7767263000000093 17.74869766000001 
4.122786300000009 17.349397660000008 
4.359285841637047 17.108761983878004 
4.527161664477955 16.92214617008831 
4.7346858898473245 16.7284568930769 
4.956045063574652 16.479427822633657 
5.10822949551219 16.285738545622248 
5.288083824165644 16.050544423536962 
5.426433307745223 15.856855146525552 
5.564782791324803 15.649330921156183 
5.675462378188467 15.427971747428856 
5.8138118617680465 15.220447522059487 
6 15 
6.132015674001081 14.763894226246876 
6.256530209222702 14.52870010416159 
6.367209796086366 14.321175878792221 
6.491724331307988 14.113651653422853 
6.671578659961441 13.906127428053484 
6.782258246825106 13.698603202684115 
6.906772782046727 13.491078977314746 
6.9897824721944755 13.297389700303336 
7.079795583979619 13.178189467041186 
7.132392505758599 13.096372033162773 
7.196677632377353 12.997022292024699 
7.2434304517364465 12.891828448466738 
7.2901832710955405 12.786634604908777 
7.372000704973955 12.663908454091157 
7.430441729172822 12.576246917792856 
7.5 12.5 
7.5648560848302155 12.383391537936596 
7.640829416288743 12.278197694378635 
7.8061817727229315 11.950823828209726 
7.942857864942759 11.638421331707265 
8.079533957162587 11.345543991236207 
8.216210049382415 11.052666650765149 
8.391936453665052 10.75978931029409 
8.52861254588488 10.44738681379163 
8.68481379413611 10.154509473320571 
8.82148988635594 9.861632132849513 
8.958165978575767 9.588279948409859 
9.133892382858402 9.2954026079388 
9.231518163015423 8.963474955404934 
9.446294879360867 8.612022146839665 
9.582970971580695 8.319144806368607 
9.700121907769118 8.026267465897549 
9.85632315602035 7.674814657332279 
9.973474092208773 7.323361848767009 
10.129675340460006 7.050009664327354 
10.285876588711238 6.718082011793489 
10.403027524899661 6.444729827353834 
10.539703617119489 6.151852486882777 
10.63732939727651 5.858975146411718 
10.83258095759055 5.507522337846448 
10.988782205841781 5.1951198413439865 
11.105933142030205 4.765566408653101 
11.37928532646986 4.35553813199362 
11.613587198846709 3.984560167396946 
11.769788447097941 3.6526325148630803 
11.96504000741198 3.3011797062978108 
12.179816723757424 2.9302017417011372 
12.45316890819708 2.617799245198675 
12.706995936605331 2.2663464366334054 
13 2 
13.214649993421835 1.563440819502866 
13.468477021830088 1.231513166969 
13.68325373817553 0.9386358264979419 
13.81992983039536 0.6067081739640783 
14.054231702772206 0.3919314576186356 
14.30805873118046 0.07952896111617362 
14.47460524694908 -0.5033392651417864 
14.706246661723487 -1.0438358996154007 
14.822067369110691 -1.6229394365514158 
15.015101881422698 -2.3950774857994364 
15.208136393734703 -2.9741810227354515 
15.323957101121907 -3.823532876908274 
15.40117090604671 -4.634277828618695 
15.323957101121907 -5.329202072941913 
15.323957101121907 -5.94691251234033 
15.285350198659506 -6.641836756663548 
15.285350198659506 -7.491188610836371 
15.1309225888099 -8.22471975762199 
15.020708428117317 -9.004216076265651 
14.88095877899065 -9.749547538274538 
14.741209129863982 -10.634628649410091 
14.368543398859536 -11.47312654417009 
13.716378369601756 -12.497957304432308 
13.297129422221754 -13.243288766441195 
12.924463691217309 -14.081786661201193 
12.458631527461751 -14.827118123210079 
11.946216147330638 -15.386116719716744 
11.061135036195079 -16.13144818172563 
10.408970006937299 -16.96994607648563 
9.803388194055074 -17.622111105743407 
9.104639948421738 -18.041360053123405 
8.033225971783956 -18.646941866005626 
7.381060942526177 -19.01960759701007 
6.123314100386172 -19.438856544390067 
5.191649772875057 -19.62518940989229 
4.2599854453639425 -19.7183558426434 
3.002238603223938 -19.532022977141178 
2.0239910593372676 -19.578606193516734 
1.092326731826153 -19.39227332801451 
0.2538288370661499 -19.20594046251229 
-0.5846690576938532 -19.11277402976118 
-1.5629166015805236 -18.8798579478834 
-2.6809137945938613 -18.693525082381182 
-3.845494203982754 -18.367442567752292 
-4.7771585314938685 -18.041360053123405 
-6.081488590009429 -17.435778240241184 
-6.687070402891654 -16.923362860110075 
-7.478985081276101 -16.224614614476742 
-8.224316543284992 -15.4326999360923 
-9.249147303547218 -14.454452392205637 
-10.171053433261331 -13.540873991250239 
-10.845907974712919 -12.472354300618564 
-11.745714029981704 -11.40383460998689 
-12.364330692978994 -10.279077040900916 
-13.376612505156375 -9.041843714906344 
-14.163942803516562 -7.579658875094578 
-14.838797344968151 -6.398663427554307 
-15.851079157145533 -5.217667980014034 
-16.413457941688524 -3.980434654019463 
-17.032074604685814 -2.4620119357533983 
-17.7631670245917 -0.4374483113986454 
-18.43802156604329 1.5308774345018086 
-18.606735201406185 3.61167893731086 
-18.719210958314783 5.861194075482808 
-18.775448836769083 7.548330429111768 
-18.719210958314783 9.629131931920819 
-18.494259444497587 11.541219799366974 
-18.156832173771793 13.622021302176027 
-17.875642781500297 15.477871291167883 
-16.300982184779926 16.152725832619467 
-14.95127310187675 15.702822804985077 
-13.601564018973573 14.8030167497163 
-12.58928220679619 13.622021302176027 
-11.9706655437989 12.272312219272857 
-10.958383731621518 10.585175865643897 
-10.28352919016993 9.291704661195027 
-9.439961013355443 7.941995578291859 
-8.708868593449557 6.479810738480093 
-8.090251930452267 5.073863777122626 
-7.696586781272174 3.8928683295823534 
-6.965494361366287 2.430683489770588 
-6.346877698368997 1.3621637991389126 
-5.784498913826007 0.23740623005293887 
-5.278358007737316 -0.6623998252158401 
-4.715979223194326 -1.562205880484619 
-3.9848868032884384 -2.7432013280248917 
-3.085080748019654 -3.586769504839372 
-1.9040853004793743 -3.924196775565164 
-0.32942470375900157 -2.9119149633877877 
0.4579055946011848 -1.1685407313045284 
